# buoy ID | latitude | longitude | type           | anemometer height | air temp height | barometer height | sst depth
34002     | -55.0    | -90.0     | OCEAN_BUOY     | 6.2               | 5.7             | 5.6              | 0.8
41001     | 34.714   | -72.248   | OCEAN_BUOY     | 3.8               | 3.4             | 2.4              | 2.0
41002     | 31.759   | -74.936   | OCEAN_BUOY     | 4.1               | 3.7             | 2.7              | 1.5
41004     | 32.502   | -79.099   | OCEAN_BUOY     | 4.1               | 3.7             | 2.7              | 1.5
41008     | 31.4     | -80.866   | OCEAN_BUOY     | 4.9               | 4.4             | 0.3              | 0.6
41009     | 28.508   | -80.185   | OCEAN_BUOY     | 4.1               | 3.7             | 2.7              | 1.5
41013     | 33.441   | -77.764   | OCEAN_BUOY     | 4.1               | 3.7             | 2.7              | 1.5
41024     | 33.837   | -78.477   | COAST_BUOY     | 2.95              | 2.79            | 2.79             | 1.0
41025     | 35.01    | -75.454   | OCEAN_BUOY     | 3.8               | 3.4             | 2.4              | 2.0
41029     | 32.803   | -79.624   | OCEAN_BUOY     | 2.95              | 2.79            | 2.79             | 1.0
41033     | 32.279   | -80.406   | OCEAN_BUOY     | 2.95              | 2.79            | 2.79             | 1.0
41037     | 33.988   | -77.362   | OCEAN_BUOY     | 2.95              | 2.79            | 2.79             | 1.0
41038     | 34.141   | -77.715   | OCEAN_BUOY     | 2.95              | 2.79            | 2.79             | 1.0
41040     | 14.54    | -53.329   | OCEAN_BUOY     | 4.1               | 3.7             | 2.7              | 1.5
41041     | 14.453   | -46.327   | OCEAN_BUOY     | 3.8               | 3.4             | 2.4              | 2.0
41043     | 21.026   | -64.793   | OCEAN_BUOY     | 4.1               | 3.7             | 2.7              | 1.5
41044     | 21.582   | -58.63    | OCEAN_BUOY     | 3.8               | 3.4             | 2.4              | 2.0
41046     | 23.822   | -68.384   | OCEAN_BUOY     | 3.8               | 3.4             | 2.4              | 2.0
41047     | 27.465   | -71.452   | OCEAN_BUOY     | 4.1               | 3.7             | 2.7              | 1.5
41048     | 31.831   | -69.573   | OCEAN_BUOY     | 4.1               | 3.7             | 2.7              | 1.5
41049     | 27.49    | -62.938   | OCEAN_BUOY     | 4.1               | 3.7             | 2.7              | 1.5
41051     | 18.257   | -65.004   | OCEAN_BUOY     | 4.0               | 4.0             | 2.0              | 1.0
41052     | 18.249   | -64.763   | OCEAN_BUOY     | 4.0               | 3.0             | 3.0              | 1.0
41053     | 18.474   | -66.099   | COAST_BUOY     | 4.0               | 3.0             | 3.0              | 1.0
41056     | 18.261   | -65.464   | OCEAN_BUOY     | 4.0               | 3.0             | 3.0              | 1.0
41057     | 19.833   | -70.731   | COAST_BUOY     | 3.35              | NaN             | NaN              | NaN
41058     | 18.476   | -65.157   | OCEAN_BUOY     | 4.0               | 4.0             | 2.0              | 1.0
41062     | 35.778   | -75.095   | OCEAN_BUOY     | 3.5               | 1.5             | 1.5              | 2.0
41063     | 34.782   | -75.941   | OCEAN_BUOY     | 3.5               | 1.5             | 1.5              | 2.0
41064     | 34.207   | -76.949   | OCEAN_BUOY     | 2.95              | 2.79            | 2.79             | NaN
42001     | 25.919   | -89.674   | OCEAN_BUOY     | 4.1               | 3.7             | 2.7              | 1.5
42002     | 26.055   | -93.646   | OCEAN_BUOY     | 3.8               | 3.4             | 2.4              | 2.0
42003     | 25.925   | -85.616   | OCEAN_BUOY     | 3.2               | 2.8             | 1.8              | 1.1
42012     | 30.06    | -87.548   | OCEAN_BUOY     | 3.8               | 3.4             | 2.4              | 2.0
42013     | 27.173   | -82.924   | OCEAN_BUOY     | 3.1               | 2.0             | 1.9              | 1.0
42019     | 27.91    | -95.345   | OCEAN_BUOY     | 3.2               | 2.8             | 1.8              | 1.1
42022     | 27.505   | -83.741   | OCEAN_BUOY     | 3.1               | 2.0             | 1.9              | 1.0
42035     | 29.232   | -94.413   | OCEAN_BUOY     | 4.1               | 3.7             | 2.7              | 1.5
42036     | 28.501   | -84.508   | OCEAN_BUOY     | 4.1               | 3.7             | 2.7              | 1.5
42039     | 28.787   | -86.007   | OCEAN_BUOY     | 4.1               | 3.7             | 2.7              | 1.5
42040     | 29.207   | -88.237   | OCEAN_BUOY     | 4.1               | 3.7             | 2.7              | 1.5
42043     | 28.982   | -94.899   | OCEAN_BUOY     | 4.0               | 4.0             | 4.0              | 2.0
42044     | 26.191   | -97.051   | OCEAN_BUOY     | 4.0               | 4.0             | 4.0              | 2.0
42045     | 26.217   | -96.5     | OCEAN_BUOY     | 4.0               | 4.0             | 4.0              | 2.0
42046     | 27.89    | -94.037   | OCEAN_BUOY     | 4.0               | 4.0             | 4.0              | 2.0
42047     | 27.897   | -93.597   | OCEAN_BUOY     | 4.0               | 4.0             | 4.0              | 2.0
42055     | 22.124   | -93.941   | OCEAN_BUOY     | 4.1               | 3.7             | 2.7              | 1.5
42056     | 19.82    | -84.945   | OCEAN_BUOY     | 4.1               | 3.7             | 2.7              | 1.5
42057     | 16.908   | -81.422   | OCEAN_BUOY     | 3.8               | 3.4             | 2.4              | 2.0
42058     | 14.394   | -74.816   | OCEAN_BUOY     | 3.8               | 3.4             | 2.4              | 2.0
42059     | 15.3     | -67.483   | OCEAN_BUOY     | 4.1               | 3.7             | 2.7              | 1.5
42060     | 16.434   | -63.329   | OCEAN_BUOY     | 3.8               | 3.4             | 2.4              | 2.0
42067     | 30.05    | -88.583   | OCEAN_BUOY     | 4.0               | 4.0             | 4.0              | NaN
42085     | 17.87    | -66.537   | COAST_BUOY     | 4.0               | 3.0             | 3.0              | 1.0
42087     | 11.185   | -60.848   | COAST_BUOY     | 3.35              | NaN             | NaN              | NaN
42088     | 11.301   | -60.521   | COAST_BUOY     | 3.35              | NaN             | NaN              | NaN
42089     | 19.699   | -80.061   | COAST_BUOY     | 3.35              | 3.0             | 3.0              | 1.0
42090     | 18.432   | -69.58    | COAST_BUOY     | 3.35              | NaN             | NaN              | NaN
44005     | 43.201   | -69.127   | OCEAN_BUOY     | 4.9               | 4.4             | 0.3              | 0.6
44007     | 43.525   | -70.140   | OCEAN_BUOY     | 4.1               | 3.7             | 2.7              | 1.5
44008     | 40.496   | -69.25    | OCEAN_BUOY     | 4.1               | 3.7             | 2.7              | 1.5
44009     | 38.46    | -74.692   | OCEAN_BUOY     | 3.8               | 3.4             | 3.4              | 2.0
44011     | 41.093   | -66.562   | OCEAN_BUOY     | 4.1               | 3.7             | 2.7              | 1.5
44013     | 42.346   | -70.651   | OCEAN_BUOY     | 3.2               | 2.8             | 1.8              | 1.1
44014     | 36.609   | -74.842   | OCEAN_BUOY     | 3.2               | 2.8             | 1.8              | 1.1
44017     | 40.693   | -72.049   | OCEAN_BUOY     | 4.1               | 3.7             | 2.7              | 1.5
44018     | 42.203   | -70.154   | OCEAN_BUOY     | 4.1               | 3.7             | 2.7              | 1.5
44020     | 41.493   | -70.279   | OCEAN_BUOY     | 4.1               | 3.7             | 2.7              | 1.5
44022     | 40.883   | -73.728   | COAST_BUOY     | 3.5               | 3.0             | NaN              | 1.0
44024     | 42.325   | -65.909   | OCEAN_BUOY     | 4.0               | 3.0             | 3.0              | 1.0
44025     | 40.251   | -73.164   | OCEAN_BUOY     | 4.1               | 3.7             | 2.7              | 1.5
44027     | 44.283   | -67.3     | OCEAN_BUOY     | 4.1               | 3.7             | 2.7              | 1.5
44029     | 42.523   | -70.566   | OCEAN_BUOY     | 4.0               | 3.0             | 3.0              | 1.0
44030     | 43.179   | -70.426   | OCEAN_BUOY     | 4.0               | 3.0             | 3.0              | 1.0
44032     | 43.715   | -69.355   | OCEAN_BUOY     | 4.0               | 3.0             | 3.0              | 1.0
44033     | 44.055   | -68.996   | COAST_BUOY     | 4.0               | 3.0             | 3.0              | 1.0
44034     | 44.103   | -68.112   | OCEAN_BUOY     | 4.0               | 3.0             | 3.0              | 1.0
44037     | 43.497   | -67.876   | OCEAN_BUOY     | 4.0               | 3.0             | 3.0              | 1.0
44039     | 41.138   | -72.655   | OCEAN_BUOY     | 3.5               | 3.0             | NaN              | 1.0
44040     | 40.956   | -73.58    | OCEAN_BUOY     | 3.5               | 3.0             | NaN              | 1.0
44041     | 37.211   | -76.787   | COAST_BUOY     | 3.0               | 3.0             | 1.0              | 0.5
44042     | 38.033   | -76.335   | COAST_BUOY     | 3.0               | 3.0             | 1.0              | 0.5
44043     | 39.152   | -76.391   | COAST_BUOY     | 3.0               | 3.0             | 1.0              | 0.5
44057     | 39.54    | -76.074   | COAST_BUOY     | 3.0               | 3.0             | 1.0              | 0.5
44058     | 37.567   | -76.257   | COAST_BUOY     | 3.0               | 3.0             | 1.0              | 0.5
44059     | 36.846   | -76.298   | COAST_BUOY     | 3.0               | 3.0             | 1.0              | 0.5
44060     | 41.263   | -72.067   | COAST_BUOY     | 3.5               | 3.0             | NaN              | 1.0
44062     | 38.556   | -76.415   | OCEAN_BUOY     | 3.0               | 3.0             | 1.0              | 0.5
44063     | 38.963   | -76.448   | COAST_BUOY     | 3.0               | 3.0             | 1.0              | 0.5
44064     | 36.998   | -76.087   | OCEAN_BUOY     | 3.0               | 3.0             | 1.0              | 0.5
44065     | 40.369   | -73.703   | OCEAN_BUOY     | 4.1               | 3.7             | 2.7              | 1.5
44066     | 39.618   | -72.644   | OCEAN_BUOY     | 4.1               | 3.7             | 2.7              | 1.5
44069     | 40.698   | -73.087   | COAST_BUOY     | 3.0               | 3.0             | NaN              | 1.0
44072     | 37.201   | -76.266   | OCEAN_BUOY     | 3.0               | 3.0             | 1.0              | 0.5
45001     | 48.061   | -87.793   | LAKE_BUOY      | 3.2               | 2.8             | 184.8            | 1.1
45002     | 45.344   | -86.411   | LAKE_BUOY      | 3.2               | 2.8             | 178.4            | 1.1
45003     | 45.351   | -82.84    | LAKE_BUOY      | 5.0               | 4.5             | 177.5            | 0.4
45004     | 47.585   | -86.585   | LAKE_BUOY      | 3.6               | 3.3             | 185.3            | 1.3
45005     | 41.677   | -82.398   | LAKE_BUOY      | 3.5               | 3.8             | 176.3            | 1.6
45006     | 47.335   | -89.793   | LAKE_BUOY      | 3.6               | 3.3             | 185.3            | 1.3
45007     | 42.674   | -87.026   | LAKE_BUOY      | 3.6               | 3.3             | 178.3            | 1.3
45008     | 44.283   | -82.416   | LAKE_BUOY      | 3.6               | 3.3             | 179.3            | 1.3
45012     | 43.621   | -77.401   | LAKE_BUOY      | 3.6               | 3.3             | 77.0             | 1.3
45013     | 43.1     | -87.85    | LAKE_BUOY      | 2.0               | 2.0             | 178.0            | 0.0
45014     | 44.795   | -87.759   | LAKE_BUOY      | 2.0               | 2.0             | 178.0            | 0.0
45020     | 44.789   | -85.604   | LAKE_BUOY      | 2.4               | 2.4             | NaN              | NaN
45022     | 45.405   | -85.087   | LAKE_BUOY      | 2.95              | 2.64            | 178.64           | 1.0
45023     | 47.27    | -88.607   | LAKE_BUOY      | 3.0               | 2.8             | NaN              | 3.0
45024     | 43.981   | -86.556   | LAKE_BUOY      | 2.95              | 2.64            | 178.64           | NaN
45025     | 46.969   | -88.398   | LAKE_BUOY      | 3.0               | 2.8             | 185.8            | 3.0
45026     | 41.982   | -86.619   | LAKE_BUOY      | 3.0               | 3.0             | NaN              | 1.0
45027     | 46.86    | -91.93    | LAKE_BUOY      | 3.0               | 3.0             | 185.5            | 1.0
45028     | 46.814   | -91.829   | LAKE_BUOY      | 3.0               | 3.0             | 185.5            | 1.0
45029     | 42.9     | -86.272   | LAKE_BUOY      | 3.0               | 3.0             | NaN              | 1.0
45161     | 43.182   | -86.36    | LAKE_BUOY      | 2.3               | 2.3             | NaN              | 1.0
45162     | 44.988   | -83.27    | LAKE_BUOY      | 2.3               | 2.3             | NaN              | 1.0
45163     | 43.985   | -83.596   | LAKE_BUOY      | 2.3               | 2.3             | NaN              | 1.0
45164     | 41.748   | -81.698   | LAKE_BUOY      | 1.0               | 2.3             | NaN              | 1.0
45165     | 41.702   | -83.261   | LAKE_BUOY      | 2.0               | 2.0             | NaN              | 1.0
45166     | 44.785   | -73.258   | LAKE_BUOY      | 2.5               | 2.0             | NaN              | 1.0
45167     | 42.185   | -80.135   | LAKE_BUOY      | 2.0               | 2.0             | 175.0            | 1.0
45168     | 42.397   | -86.331   | LAKE_BUOY      | 3.0               | 3.0             | NaN              | 1.0
45169     | 41.615   | -81.821   | LAKE_BUOY      | 2.75              | 2.75            | 176.75           | 0.7
45169     | 41.615   | -81.821   | LAKE_BUOY      | 2.75              | 2.75            | 176.75           | 0.7
45170     | 41.755   | -86.968   | LAKE_BUOY      | 1.5               | 1.0             | NaN              | 1.0
45171     | 46.724   | -87.411   | LAKE_BUOY      | 0.82              | 0.82            | 178.82           | 0.7
45172     | 46.74    | -85.98    | LAKE_BUOY      | 0.82              | 0.82            | 178.82           | 0.7
45173     | 46.573   | -86.572   | LAKE_BUOY      | 2.0               | 2.75            | 180.75           | 1.0
45174     | 42.135   | -87.655   | LAKE_BUOY      | 3.0               | 3.0             | 179.0            | 1.0
45175     | 45.825   | -84.772   | LAKE_BUOY      | 3.0               | 3.0             | 179.0            | 1.0
45176     | 41.55    | -81.765   | LAKE_BUOY      | 3.0               | 3.0             | 177.0            | 1.0
45178     | 44.603   | -73.394   | LAKE_BUOY      | 1.0               | 1.0             | 31.0             | 1.0
45179     | 47.195   | -87.224   | LAKE_BUOY      | 0.6               | 0.6             | 178.6            | 0.7
45183     | 44.982   | -85.831   | LAKE_BUOY      | 2.0               | 2.0             | 178.0            | 1.0
45186     | 42.368   | -87.795   | LAKE_BUOY      | 1.5               | 1.0             | NaN              | 1.0
45187     | 42.491   | -87.779   | LAKE_BUOY      | 1.5               | 1.0             | NaN              | 1.0
45T01     | 48.008   | -87.666   | LAKE_BUOY      | 3.2               | 2.8             | 185.0            | 0.5
46001     | 56.3     | -148.018  | OCEAN_BUOY     | 3.8               | 3.4             | 2.4              | 2.0
46002     | 42.662   | -130.507  | OCEAN_BUOY     | 3.8               | 3.4             | 2.4              | 2.0
46005     | 46.134   | -131.079  | OCEAN_BUOY     | 4.1               | 3.7             | 2.7              | 1.5
46006     | 40.764   | -137.377  | OCEAN_BUOY     | 4.1               | 3.7             | 2.7              | 1.5
46011     | 34.936   | -120.998  | OCEAN_BUOY     | 3.8               | 3.4             | 2.4              | 2.0
46012     | 37.356   | -122.881  | OCEAN_BUOY     | 3.8               | 3.4             | 2.4              | 2.0
46013     | 38.235   | -123.317  | OCEAN_BUOY     | 3.8               | 3.4             | 2.4              | 2.0
46014     | 39.231   | -123.974  | OCEAN_BUOY     | 3.8               | 3.4             | 2.4              | 2.0
46015     | 42.752   | -124.844  | OCEAN_BUOY     | 4.1               | 3.7             | 2.7              | 1.5
46022     | 40.748   | -124.527  | OCEAN_BUOY     | 3.8               | 3.4             | 2.4              | 2.0
46025     | 33.755   | -119.045  | OCEAN_BUOY     | 3.8               | 3.4             | 2.4              | 2.0
46026     | 37.754   | -122.839  | OCEAN_BUOY     | 3.8               | 3.4             | 2.4              | 2.0
46027     | 41.84    | -124.382  | OCEAN_BUOY     | 3.8               | 3.4             | 2.4              | 2.0
46028     | 35.77    | -121.903  | OCEAN_BUOY     | 4.1               | 3.7             | 2.7              | 1.5
46029     | 46.163   | -124.487  | OCEAN_BUOY     | 3.8               | 3.4             | 2.4              | 2.0
46035     | 57.016   | -177.703  | OCEAN_BUOY     | 5.0               | 4.5             | 0.5              | 0.4
46041     | 47.352   | -124.739  | OCEAN_BUOY     | 3.8               | 3.4             | 2.4              | 2.0
46042     | 36.785   | -122.396  | OCEAN_BUOY     | 3.8               | 3.4             | 2.4              | 2.0
46047     | 32.388   | -119.525  | OCEAN_BUOY     | 3.8               | 3.4             | 2.4              | 2.0
46050     | 44.669   | -124.546  | OCEAN_BUOY     | 4.1               | 3.7             | 2.7              | 1.5
46053     | 34.241   | -119.839  | OCEAN_BUOY     | 3.2               | 2.8             | 1.8              | 1.1
46054     | 34.274   | -120.468  | OCEAN_BUOY     | 3.8               | 3.4             | 2.4              | 2.0
46059     | 38.053   | -129.967  | OCEAN_BUOY     | 3.7               | 3.7             | 3.7              | 1.5
46060     | 60.586   | -146.787  | OCEAN_BUOY     | 4.9               | 4.4             | 0.3              | 0.6
46061     | 60.238   | -146.833  | OCEAN_BUOY     | 4.9               | 4.4             | 0.3              | 0.6
46066     | 52.765   | -155.009  | OCEAN_BUOY     | 3.8               | 3.4             | 2.4              | 2.0
46069     | 33.677   | -120.213  | OCEAN_BUOY     | 3.8               | 3.4             | 2.4              | 2.0
46070     | 55.008   |  175.183  | OCEAN_BUOY     | 5.0               | 4.5             | 0.5              | 0.4
46071     | 51.022   |  179.784  | OCEAN_BUOY     | 3.8               | 3.4             | 2.4              | 2.0
46072     | 51.666   | -172.114  | OCEAN_BUOY     | 3.8               | 3.4             | 2.4              | 2.0
46073     | 55.008   | -172.012  | OCEAN_BUOY     | 4.9               | 4.4             | 0.3              | 0.6
46075     | 53.969   | -160.794  | OCEAN_BUOY     | 3.8               | 3.4             | 2.4              | 2.0
46076     | 59.471   | -148.009  | OCEAN_BUOY     | 3.8               | 3.4             | 2.4              | 2.0
46077     | 57.869   | -154.211  | OCEAN_BUOY     | 4.9               | 4.4             | 0.3              | 0.6
46078     | 55.557   | -152.641  | OCEAN_BUOY     | 3.8               | 3.4             | 2.4              | 2.0
46080     | 57.947   | -150.042  | OCEAN_BUOY     | 4.9               | 4.4             | 0.3              | 0.6
46081     | 60.802   | -148.283  | COAST_BUOY     | 4.9               | 4.4             | 0.3              | 0.6
46082     | 59.67    | -143.353  | OCEAN_BUOY     | 5.0               | 4.5             | 0.5              | 0.4
46083     | 58.27    | -138.019  | OCEAN_BUOY     | 4.9               | 4.4             | 0.3              | 0.6
46084     | 56.622   | -136.102  | OCEAN_BUOY     | 3.8               | 3.4             | 2.4              | 2.0
46085     | 55.878   | -142.876  | OCEAN_BUOY     | 3.8               | 3.4             | 2.4              | 2.0
46086     | 32.499   | -118.052  | OCEAN_BUOY     | 4.1               | 3.7             | 2.7              | 1.5
46087     | 48.493   | -124.727  | OCEAN_BUOY     | 3.8               | 3.4             | 2.4              | 2.0
46088     | 48.332   | -123.179  | OCEAN_BUOY     | 3.8               | 3.4             | 2.4              | 2.0
46089     | 45.936   | -125.793  | OCEAN_BUOY     | 3.8               | 3.4             | 2.4              | 2.0
46094     | 44.642   | -124.3    | OCEAN_BUOY     | 3.0               | 3.0             | 3.0              | 1.7
46096     | 46.173   | -124.127  | OCEAN_BUOY     | 3.0               | 3.0             | 3.0              | 1.0
46097     | 44.639   | -124.304  | OCEAN_BUOY     | 4.5               | 4.0             | 3.95             | 1.15
46098     | 44.378   | -124.947  | OCEAN_BUOY     | 4.5               | 4.0             | 3.95             | 1.15
46099     | 46.988   | -124.567  | OCEAN_BUOY     | 4.5               | 4.0             | 3.95             | 1.15
46100     | 46.851   | -124.964  | OCEAN_BUOY     | 4.5               | 4.0             | 3.95             | 1.15
46118     | 48.724   | -122.576  | COAST_BUOY     | 2.97              | 2.0             | 2.0              | 0.5
46119     | 47.967   | -124.95   | OCEAN_BUOY     | 3.7               | 3.7             | NaN              | 1.0
46125     | 47.907   | -122.627  | COAST_BUOY     | 2.1               | 2.1             | 1.0              | 3.0
46127     | 46.215   | -124.063  | COAST_BUOY     | 3.0               | 3.0             | 3.0              | 0.0
51000     | 23.528   | -153.792  | OCEAN_BUOY     | 4.1               | 3.7             | 2.7              | 1.5
51001     | 24.451   | -162.008  | OCEAN_BUOY     | 3.2               | 2.8             | 1.8              | 1.1
51002     | 17.042   | -157.746  | OCEAN_BUOY     | 4.1               | 3.7             | 2.7              | 1.5
51003     | 19.196   | -160.639  | OCEAN_BUOY     | 3.8               | 3.4             | 2.4              | 2.0
51004     | 17.538   | -152.23   | OCEAN_BUOY     | 4.1               | 3.7             | 2.7              | 1.5
51101     | 24.359   | -162.081  | OCEAN_BUOY     | 4.1               | 3.7             | 2.7              | 1.5
AAMC1     | 37.772   | -122.3    | COAST_STATION  | 6.9               | 4.3             | 5.3              | 1.2
ADKA2     | 51.861   | -176.637  | COAST_STATION  | 7.0               | 6.3             | 7.0              | 2.8
AGMW3     | 44.608   | -87.433   | LAKE_STATION   | 9.0               | 9.0             | NaN              | NaN
AGXC1     | 33.716   | -118.246  | COAST_STATION  | 20.0              | NaN             | NaN              | NaN
AJXA2     | 58.287   | -134.398  | COAST_STATION  | 3.0               | 3.0             | 7.6              | NaN
ALIA2     | 56.898   | -154.247  | COAST_STATION  | 10.3              | 9.7             | 6.5              | 2.2
AMAA2     | 58.915   | -151.952  | COAST_STATION  | 15.7              | 15.7            | 35.1             | NaN
AMRL1     | 29.45    | -91.338   | COAST_STATION  | 11.0              | 10.5            | 8.5              | 1.9
ANPT2     | 27.837   | -97.039   | COAST_STATION  | 3.96              | 3.14            | 11.782           | 10.81
ANTA2     | 61.238   | -149.89   | COAST_STATION  | 6.9               | 6.3             | 9.0              | 1.92
ANVC1     | 38.915   | -123.711  | COAST_STATION  | 7.6               | 7.0             | 9.4              | 1.7
APCF1     | 29.724   | -84.98    | COAST_STATION  | 7.0               | 5.4             | 6.2              | 2.0
APNM4     | 45.06    | -83.424   | COAST_STATION  | 18.0              | 15.0            | NaN              | NaN
APRP7     | 13.444   |  144.657  | COAST_STATION  | 8.4               | 9.7             | 5.1              | 2.0
AROP4     | 18.48    | -66.702   | COAST_STATION  | 6.4               | 3.4             | NaN              | NaN
ARPF1     | 28.433   | -82.667   | COAST_STATION  | 11.2              | 6.9             | 6.7              | 0.1
ASTO3     | 46.207   | -123.768  | COAST_STATION  | 6.9               | 6.4             | 5.0              | 1.7
ATGM1     | 44.392   | -68.204   | COAST_STATION  | 8.6               | 7.9             | 5.0              | 1.2
ATKA2     | 52.232   | -174.173  | COAST_STATION  | 8.5               | 7.9             | 6.2              | 2.2
AUGA2     | 59.378   | -153.348  | COAST_STATION  | 6.6               | 6.4             | 10.6             | NaN
AWRT2     | 28.227   | -96.796   | COAST_STATION  | NaN               | NaN             | NaN              | 8.87
BABT2     | 27.297   | -97.405   | COAST_STATION  | 10.0              | NaN             | 4.0              | NaN
BARA9     | 17.591   | -61.821   | COAST_STATION  | 9.7               | 7.7             | 7.5              | NaN
BAXC1     | 33.766   | -118.24   | COAST_STATION  | 62.4              | NaN             | NaN              | NaN
BEPB6     | 32.374   | -64.701   | COAST_STATION  | 4.6               | 4.3             | 5.1              | 2.8
BFTN7     | 34.717   | -76.671   | COAST_STATION  | 7.0               | 3.8             | 3.0              | 4.4
BGCF1     | 26.404   | -81.881   | COAST_STATION  | 17.3              | 16.6            | 16.6             | NaN
BHRI3     | 41.646   | -87.147   | LAKE_STATION   | 10.0              | 2.4             | 181.9            | NaN
BIGM4     | 46.827   | -87.727   | LAKE_STATION   | 10.0              | 3.9             | 186.8            | NaN
BISM2     | 38.22    | -76.039   | COAST_STATION  | 7.1               | 3.1             | 2.8              | 10.8
BLIA2     | 60.839   | -146.884  | COAST_STATION  | 21.6              | 21.3            | 16.5             | NaN
BLTA2     | 58.455   | -135.889  | COAST_STATION  | 9.1               | 5.5             | 4.8              | NaN
BRHC3     | 41.174   | -73.181   | COAST_STATION  | 7.6               | 3.2             | 4.0              | 4.9
BRND1     | 38.987   | -75.113   | OCEAN_STATION  | 21.1              | 20.6            | 8.3              | 0.46
BSBM4     | 44.055   | -86.514   | LAKE_STATION   | 10.0              | 2.7             | 185.9            | NaN
BSCA1     | 30.329   | -87.829   | COAST_STATION  | 7.01              | 6.4             | 2.85             | 2.0
BUFN6     | 42.878   | -78.89    | LAKE_STATION   | 8.5               | 6.5             | 179.0            | 4.5
BUZM3     | 41.397   | -71.033   | OCEAN_STATION  | 24.8              | 24.5            | 17.4             | NaN
BZST2     | 26.067   | -97.155   | COAST_STATION  | 4.25              | 3.23            | 11.819           | 10.6
CAPL1     | 29.768   | -93.343   | COAST_STATION  | 12.3              | 11.7            | 10.5             | 0.6
CBBV2     | 36.967   | -76.114   | OCEAN_STATION  | 6.1               | 4.2             | 5.8              | 3.2
CBLO1     | 41.981   | -80.556   | LAKE_STATION   | 12.0              | 9.1             | 189.6            | NaN
CBRW3     | 45.198   | -87.36    | LAKE_STATION   | 10.0              | 3.3             | 181.3            | NaN
CDEA2     | 56.001   | -134.136  | COAST_STATION  | 10.0              | 1.5             | 16.5             | NaN
CDRF1     | 29.136   | -83.029   | COAST_STATION  | 10.0              | 9.1             | 3.0              | NaN
CDXA2     | 56.001   | -134.136  | COAST_STATION  | 9.1               | 9.1             | 24.4             | NaN
CECC1     | 41.746   | -124.184  | COAST_STATION  | 8.6               | 7.9             | 4.8              | 1.3
CFWM1     | 44.657   | -67.205   | COAST_STATION  | 8.5               | 7.9             | 5.3              | 0.2
CHAO3     | 43.351   | -124.337  | COAST_STATION  | 8.4               | 3.0             | 4.5              | 2.0
CHAV3     | 18.335   | -64.92    | COAST_STATION  | 6.5               | 2.6             | 2.3              | 0.9
CHBV2     | 37.032   | -76.083   | OCEAN_STATION  | 4.6               | 3.1             | NaN              | 3.3
CHDS1     | 33.661   | -82.199   | LAKE_STATION   | 2.1               | 0.6             | 116.4            | NaN
CHII2     | 41.916   | -87.572   | LAKE_STATION   | 25.9              | 22.9            | NaN              | NaN
CHLV2     | 36.905   | -75.713   | OCEAN_STATION  | 43.3              | 22.3            | 23.4             | NaN
CHSV3     | 17.748   | -64.699   | COAST_STATION  | 7.1               | 2.8             | 3.0              | 1.2
CHYV2     | 36.926   | -76.007   | COAST_STATION  | 27.9              | NaN             | NaN              | NaN
CHYW1     | 48.863   | -122.759  | COAST_STATION  | 7.0               | 3.7             | 8.2              | 3.1
CLBF1     | 27.736   | -82.686   | COAST_STATION  | 11.0              | 10.3            | 10.2             | 1.0
CLKN7     | 34.622   | -76.525   | COAST_STATION  | 9.8               | 6.4             | 11.0             | NaN
CLSM4     | 42.471   | -82.877   | LAKE_STATION   | 10.0              | 3.3             | 176.8            | NaN
CMTI2     | 41.73    | -87.538   | LAKE_STATION   | 10.3              | 5.7             | 179.8            | NaN
CNDO1     | 41.542   | -81.637   | LAKE_STATION   | 7.8               | 3.9             | 177.7            | 4.2
CNII2     | 41.856   | -87.609   | LAKE_STATION   | 10.0              | 1.8             | NaN              | NaN
CPMW1     | 48.86    | -122.756  | COAST_STATION  | 7.0               | 3.3             | NaN              | NaN
CPXC1     | 35.17    | -120.741  | COAST_STATION  | 4.0               | 4.0             | 4.0              | NaN
CRTA1     | 30.308   | -88.14    | COAST_STATION  | 12.23             | 6.45            | 4.01             | 2.3
CRVA2     | 60.558   | -145.752  | COAST_STATION  | 8.4               | 7.8             | 6.6              | 3.0
CRYV2     | 36.888   | -76.338   | COAST_STATION  | 8.6               | 2.8             | 3.0              | NaN
CSPA2     | 58.199   | -136.64   | COAST_STATION  | 10.0              | 1.5             | 26.5             | NaN
CWBF1     | 27.978   | -82.832   | COAST_STATION  | 6.7               | 3.2             | 4.7              | 3.7
DBLN6     | 42.494   | -79.354   | LAKE_STATION   | 20.4              | 12.8            | 196.9            | NaN
DESW1     | 47.675   | -124.485  | COAST_STATION  | 31.4              | 31.4            | 39.0             | NaN
DISW3     | 47.079   | -90.728   | LAKE_STATION   | 25.3              | 25.3            | 210.6            | NaN
DKCM6     | 30.356   | -88.567   | COAST_STATION  | 8.4               | 3.6             | 210.6            | 1.5
DPIA1     | 30.25    | -88.075   | COAST_STATION  | 13.5              | 9.1             | 8.5              | NaN
DPXC1     | 38.056   | -122.264  | COAST_STATION  | 7.6               | 3.4             | NaN              | NaN
DRFA2     | 60.553   | -152.137  | COAST_STATION  | 6.6               | 6.4             | 17.4             | NaN
DTLM4     | 45.993   | -83.898   | LAKE_STATION   | 11.7              | 6.4             | 180.2            | 4.2
DUKN7     | 36.184   | -75.746   | COAST_STATION  | 8.6               | 8.0             | 9.9              | 9.2
DULM5     | 46.776   | -92.092   | LAKE_STATION   | 13.2              | 7.1             | 185.8            | 4.2
EINL1     | 29.373   | -91.384   | COAST_STATION  | 4.0               | 1.5             | 1.5              | NaN
EMAT2     | 28.71    | -95.914   | COAST_STATION  | 8.2               | 5.9             | 5.7              | 2.1
EPTT2     | 29.481   | -94.917   | COAST_STATION  | 5.7               | 4.3             | 6.0              | 1.3
EREP1     | 42.172   | -80.098   | LAKE_STATION   | 10.7              | NaN             | NaN              | NaN
ESPP4     | 18.094   | -65.471   | COAST_STATION  | 8.5               | 8.2             | 3.4              | 1.6
FAIO1     | 41.764   | -81.281   | LAKE_STATION   | 20.9              | 3.2             | 178.0            | 4.4
FBIS1     | 32.685   | -79.888   | COAST_STATION  | 9.8               | 6.7             | 4.6              | NaN
FHPF1     | 28.153   | -82.801   | COAST_STATION  | 9.4               | 5.4             | 5.3              | 0.6
FILA2     | 59.332   | -151.995  | COAST_STATION  | 15.7              | 15.7            | 19.9             | NaN
FMOA1     | 30.228   | -88.024   | COAST_STATION  | 36.2              | 17.5            | 31.0             | NaN
FMRF1     | 26.647   | -81.871   | COAST_STATION  | 6.9               | 3.3             | 0.6              | 1.0
FPST2     | 28.936   | -95.294   | COAST_STATION  | 15.0              | 13.0            | 13.0             | NaN
FRDP4     | 18.335   | -65.631   | COAST_STATION  | 6.4               | 3.4             | 1.5              | 9.85
FTGM4     | 43.007   | -82.422   | LAKE_STATION   | 27.2              | 3.6             | 180.5            | NaN
FTPC1     | 37.806   | -122.466  | COAST_STATION  | 7.3               | 6.3             | 4.7              | 1.2
FWYF1     | 25.591   | -80.097   | OCEAN_STATION  | 43.9              | 11.0            | 29.3             | 1.0
GELO1     | 41.859   | -80.975   | LAKE_STATION   | 8.0               | 7.3             | 185.9            | NaN
GISL1     | 29.265   | -89.958   | COAST_STATION  | 6.6               | 3.9             | 4.2              | 0.8
GIXA2     | 55.446   | -131.881  | COAST_STATION  | 2.4               | 2.4             | 11.2             | NaN
GNJT2     | 29.357   | -94.725   | COAST_STATION  | 12.1              | 10.9            | 7.1              | 1.8
GRBL1     | 29.101   | -89.978   | OCEAN_STATION  | 10.0              | 10.0            | 3.0              | 1.0
GRIM4     | 46.721   | -87.412   | LAKE_STATION   | 11.0              | 11.5            | 209.5            | NaN
GRMM4     | 46.684   | -85.972   | LAKE_STATION   | 9.0               | 7.9             | 191.4            | NaN
GTLM4     | 45.211   | -85.55    | LAKE_STATION   | 16.0              | 1.5             | 183.8            | NaN
GTRM4     | 47.179   | -88.241   | LAKE_STATION   | 10.0              | 3.3             | 191.1            | NaN
HBYC1     | 40.767   | -124.217  | COAST_STATION  | 13.6              | 13.2            | 7.8              | 1.2
HCGN7     | 35.209   | -75.704   | COAST_STATION  | 7.6               | 5.9             | 6.4              | 1.4
HHLO1     | 41.401   | -82.545   | LAKE_STATION   | 10.0              | 7.0             | 183.5            | NaN
HLNM4     | 42.773   | -86.213   | LAKE_STATION   | 10.4              | 6.3             | 180.4            | 3.9
HMSA2     | 59.602   | -151.417  | COAST_STATION  | 4.0               | NaN             | NaN              | NaN
HRBM4     | 43.846   | -82.643   | LAKE_STATION   | 8.3               | 5.7             | 179.6            | 3.9
ICAC1     | 34.008   | -118.5    | COAST_STATION  | 13.6              | 13.2            | 8.2              | 10.3
ICYA2     | 59.923   | -141.359  | COAST_STATION  | 4.0               | NaN             | NaN              | NaN
IIWC1     | 32.714   | -117.177  | COAST_STATION  | 22.3              | 0.6             | NaN              | NaN
ILOH1     | 19.73    | -155.056  | COAST_STATION  | 15.8              | 11.8            | 4.3              | 1.3
IMGP4     | 17.969   | -67.044   | COAST_STATION  | 7.8               | 2.0             | 2.0              | NaN
IOSN3     | 42.967   | -70.623   | COAST_STATION  | 19.2              | 11.9            | 18.9             | NaN
JMPN7     | 34.213   | -77.786   | COAST_STATION  | 8.0               | 3.2             | 9.2              | 10.7
KATA1     | 30.258   | -88.213   | COAST_STATION  | 15.65             | 4.35            | 3.8              | 4.0
KDAA2     | 57.731   | -152.511  | COAST_STATION  | 8.5               | 7.8             | 6.7              | 2.9
KGCA2     | 55.062   | -162.327  | COAST_STATION  | 6.9               | 6.4             | 5.0              | 3.2
KLIH1     | 20.895   | -156.469  | COAST_STATION  | 6.9               | 6.4             | 4.4              | 1.5
KNSW3     | 42.589   | -87.809   | LAKE_STATION   | 20.0              | 16.2            | NaN              | NaN
KTNF1     | 29.819   | -83.594   | COAST_STATION  | 10.0              | 9.1             | 3.0              | NaN
KWHH1     | 20.037   | -155.829  | COAST_STATION  | 8.2               | 6.4             | 3.9              | 1.6
KWNW3     | 44.465   | -87.496   | LAKE_STATION   | 9.3               | 6.4             | 181.4            | NaN
KYWF1     | 24.556   | -81.808   | COAST_STATION  | 15.0              | 3.0             | 4.6              | 2.4
LDLC3     | 41.306   | -72.077   | COAST_STATION  | 20.0              | 20.0            | 20.0             | NaN
LJAC1     | 32.867   | -117.257  | COAST_STATION  | 8.2               | 7.2             | 11.3             | 3.4
LKWF1     | 26.613   | -80.034   | COAST_STATION  | 6.0               | 4.5             | 7.1              | 1.6
LMFS1     | 34.107   | -81.271   | LAKE_STATION   | 9.0               | 3.0             | 109.4            | NaN
LONF1     | 24.844   | -80.864   | COAST_STATION  | 6.34              | 6.1             | 5.03             | NaN
LOPL1     | 28.885   | -90.025   | OCEAN_STATION  | 57.9              | NaN             | 40.5             | NaN
LTBV3     | 17.695   | -64.754   | COAST_STATION  | 6.6               | 3.8             | 5.1              | 1.5
LWSD1     | 38.783   | -75.119   | COAST_STATION  | 9.5               | 8.0             | 5.2              | 1.7
MBET2     | 28.422   | -96.327   | COAST_STATION  | 12.0              | 12.0            | 11.0             | 1.0
MBLA1     | 30.437   | -88.011   | OCEAN_STATION  | 14.2              | 7.34            | 6.38             | 1.0
MCGA1     | 30.649   | -88.058   | COAST_STATION  | 7.0               | 6.6             | 3.4              | 2.6
MCGM4     | 46.546   | -87.379   | LAKE_STATION   | 8.6               | 5.1             | 187.8            | NaN
MCYI3     | 41.729   | -86.912   | LAKE_STATION   | 21.3              | 18.3            | 193.8            | NaN
MDRM1     | 43.969   | -68.128   | OCEAN_STATION  | 22.6              | 15.2            | 16.5             | NaN
MEEM4     | 44.251   | -86.342   | LAKE_STATION   | 12.2              | 2.0             | 179.9            | NaN
MEYC1     | 44.251   | -86.342   | COAST_STATION  | 8.5               | 7.9             | 5.5              | 2.1
MGIP4     | 17.97    | -67.046   | COAST_STATION  | 6.6               | 2.8             | 2.3              | 0.0
MGZP4     | 18.218   | -67.159   | COAST_STATION  | 8.4               | 5.0             | 3.1              | 2.1
MISM1     | 43.784   | -68.855   | COAST_STATION  | 7.1               | 3.8             | 16.8             | NaN
MIST2     | 27.838   | -97.05    | COAST_STATION  | 5.6               | 4.7             | 1.2              | NaN
MKGM4     | 43.227   | -86.339   | LAKE_STATION   | 24.4              | 6.1             | 180.9            | NaN
MLRF1     | 25.012   | -80.376   | OCEAN_STATION  | 15.8              | 15.5            | 11.3             | 1.0
MLWW3     | 43.005   | -87.884   | LAKE_STATION   | 7.3               | 6.1             | NaN              | NaN
MNMM4     | 45.096   | -87.59    | LAKE_STATION   | 10.5              | 4.1             | 179.6            | 5.0
MOKH1     | 21.433   | -157.79   | COAST_STATION  | 10.0              | 2.8             | 2.8              | 1.2
MQTT2     | 27.581   | -97.217   | COAST_STATION  | 7.9               | 3.9             | 8.7              | 1.7
MRHO1     | 41.544   | -82.731   | LAKE_STATION   | 9.5               | 3.7             | 177.5            | 4.0
MROS1     | 33.656   | -78.916   | COAST_STATION  | 6.9               | 3.7             | 5.2              | 4.1
MRSL1     | 29.441   | -92.061   | OCEAN_STATION  | 20.0              | 20.0            | 12.0             | 2.0
MRYA2     | 55.099   | -131.182  | COAST_STATION  | 4.0               | NaN             | NaN              | NaN
MTYC1     | 36.605   | -121.889  | COAST_STATION  | 8.5               | 7.9             | 5.5              | 2.1
NABM4     | 46.087   | -85.444   | LAKE_STATION   | 10.0              | 3.0             | 180.0            | NaN
NFBF1     | 25.084   | -81.096   | COAST_STATION  | 5.5               | 3.4             | 3.4              | 0.6
NKTA2     | 60.683   | -151.399  | COAST_STATION  | 12.4              | 3.4             | 9.0              | 0.6
NMTA2     | 64.5     | -165.43   | COAST_STATION  | 7.4               | 4.0             | 6.5              | 5.0
NPDW3     | 45.291   | -86.977   | LAKE_STATION   | 10.0              | 10.0            | NaN              | NaN
NSTP6     | -14.28   | -170.688  | COAST_STATION  | 10.7              | 9.8             | 4.7              | 2.2
NTBC1     | 34.405   | -119.692  | COAST_STATION  | 13.2              | 12.4            | 8.7              | NaN
NTKM3     | 41.285   | -70.096   | COAST_STATION  | 8.5               | 3.2             | 4.0              | 0.7
NWPO3     | 44.613   | -124.067  | COAST_STATION  | 9.4               | 6.4             | 11.0             | NaN
NWWH1     | 21.954   | -159.353  | COAST_STATION  | 7.1               | 1.9             | 2.8              | 1.7
OCIM2     | 38.328   | -75.091   | COAST_STATION  | 8.5               | 2.4             | 3.1              | 3.7
OLCN6     | 43.341   | -78.719   | LAKE_STATION   | 10.0              | 8.0             | 83.0             | NaN
OLSA2     | 52.94    | -168.87   | COAST_STATION  | 8.4               | 7.8             | 7.3              | NaN
ORIN7     | 35.796   | -75.548   | COAST_STATION  | 6.7               | 5.2             | 4.1              | 0.8
OSGN6     | 43.464   | -76.511   | LAKE_STATION   | 14.9              | 10.5            | 78.2             | NaN
PCBF1     | 30.213   | -85.88    | COAST_STATION  | 8.6               | 3.3             | 9.1              | NaN
PCLM4     | 47.276   | -88.528   | LAKE_STATION   | 10.0              | 2.7             | 198.4            | NaN
PCLM4     | 33.735   | -118.241  | COAST_STATION  | 10.7              | NaN             | NaN              | NaN
PFXC1     | 33.747   | -118.215  | COAST_STATION  | 22.9              | 22.9            | NaN              | NaN
PGBP7     | 13.428   | 144.796   | COAST_STATION  | 14.3              | 10.5            | NaN              | NaN
PILA2     | 59.742   | -149.47   | COAST_STATION  | 6.6               | 6.4             | 25.0             | NaN
PILM4     | 48.223   | -88.366   | LAKE_STATION   | 15.5              | 9.8             | 230.4            | NaN
PLSF1     | 24.693   | -82.773   | OCEAN_STATION  | 17.7              | 17.4            | 15.8             | 1.5
PLXA2     | 56.247   | -134.647  | COAST_STATION  | 8.5               | 7.9             | 5.6              | 4.0
PMOA2     | 55.99    | -160.562  | COAST_STATION  | 13.2              | 7.3             | 5.4              | 1.9
PNGW3     | 46.792   | -91.386   | LAKE_STATION   | 10.0              | 3.0             | 185.9            | NaN
PNLM4     | 45.968   | -85.869   | LAKE_STATION   | 10.3              | 6.5             | 180.2            | 4.6
PORO3     | 42.739   | -124.498  | COAST_STATION  | 9.1               | 8.7             | 8.0              | 1.3
PRDA2     | 70.4     | -148.527  | COAST_STATION  | NaN               | 23.68           | 4.8              | 3.3
PSCM4     | 43.42    | -82.54    | LAKE_STATION   | 10.0              | 3.3             | 191.8            | NaN
PSLC1     | 35.169   | -120.754  | COAST_STATION  | 13.6              | 12.7            | 11.6             | 3.5
PSTL1     | 28.932   | -89.407   | COAST_STATION  | 20.3              | 2.5             | 4.7              | 5.7
PTAT2     | 27.826   | -97.051   | COAST_STATION  | 14.9              | 9.1             | 6.4              | 1.0
PTAW1     | 48.125   | -123.441  | COAST_STATION  | 12.2              | 4.6             | 5.5              | 2.9
PTBM6     | 30.213   | -88.505   | COAST_STATION  | 4.6               | 2.5             | 1.5              | NaN
PTGC1     | 34.577   | -120.648  | COAST_STATION  | 9.4               | 9.1             | 33.5             | NaN
PTIM4     | 46.485   | -84.631   | LAKE_STATION   | 8.9               | 6.6             | 186.5            | NaN
PTRP4     | 18.367   | -67.251   | COAST_STATION  | 15.0              | NaN             | NaN              | NaN
PTWW1     | 48.111   | -122.76   | COAST_STATION  | 8.9               | 2.4             | 5.1              | 2.8
PVGF1     | 26.092   | -80.109   | COAST_STATION  | 3.5               | 3.5             | 3.5              | 1.65
PWAW3     | 43.388   | -87.867   | LAKE_STATION   | 10.0              | 2.1             | 179.8            | NaN
RDDA2     | 67.575   | -164.067  | COAST_STATION  | 12.7              | 9.3             | 15.6             | 3.1
RIXA2     | 58.177   | -135.052  | COAST_STATION  | 2.7               | 2.7             | 16.5             | NaN
ROAM4     | 47.867   | -89.313   | LAKE_STATION   | 46.9              | 46.5            | 222.7            | NaN
SACV4     | 19.174   | -96.093   | COAST_STATION  | 9.0               | 9.0             | 0.0              | NaN
SANF1     | 24.456   | -81.877   | OCEAN_STATION  | 14.8              | 14.6            | 13.6             | NaN
SAUF1     | 29.857   | -81.265   | COAST_STATION  | 7.6               | 7.6             | 8.8              | 2.0
SBBN2     | 36.05    | -114.748  | LAKE_STATION   | 3.0               | 3.0             | 330.574          | 0.5
SBIO1     | 41.629   | -82.841   | LAKE_STATION   | 24.3              | 23.4            | 178.4            | NaN
SBLM4     | 43.81    | -83.72    | LAKE_STATION   | 13.0              | 10.3            | 188.1            | NaN
SDHN4     | 40.467   | -74.009   | COAST_STATION  | 5.5               | 5.1             | 2.4              | 0.5
SGNW3     | 43.749   | -87.693   | LAKE_STATION   | 19.2              | 15.5            | 189.0            | 1.0
SHBL1     | 29.868   | -89.673   | COAST_STATION  | 15.6              | 15.0            | 8.9              | 1.0