# buoy ID | latitude | longitude | type
34002     | -55.0    | -90.0     | OCEAN_BUOY
41001     | 34.714   | -72.248   | OCEAN_BUOY
41002     | 31.759   | -74.936   | OCEAN_BUOY
41004     | 32.502   | -79.099   | OCEAN_BUOY
41008     | 31.4     | -80.866   | OCEAN_BUOY
41009     | 28.508   | -80.185   | OCEAN_BUOY
41013     | 33.441   | -77.764   | OCEAN_BUOY
41024     | 33.837   | -78.477   | COAST_BUOY
41025     | 35.01    | -75.454   | OCEAN_BUOY
41029     | 32.803   | -79.624   | OCEAN_BUOY
41033     | 32.279   | -80.406   | OCEAN_BUOY
41037     | 33.988   | -77.362   | OCEAN_BUOY
41038     | 34.141   | -77.715   | OCEAN_BUOY
41040     | 14.54    | -53.329   | OCEAN_BUOY
41041     | 14.453   | -46.327   | OCEAN_BUOY
41043     | 21.026   | -64.793   | OCEAN_BUOY
41044     | 21.582   | -58.63    | OCEAN_BUOY
41046     | 23.822   | -68.384   | OCEAN_BUOY
41047     | 27.465   | -71.452   | OCEAN_BUOY
41048     | 31.831   | -69.573   | OCEAN_BUOY
41049     | 27.49    | -62.938   | OCEAN_BUOY
41051     | 18.257   | -65.004   | OCEAN_BUOY
41052     | 18.249   | -64.763   | OCEAN_BUOY
41053     | 18.474   | -66.099   | COAST_BUOY
41056     | 18.261   | -65.464   | OCEAN_BUOY
41057     | 19.833   | -70.731   | COAST_BUOY
41058     | 18.476   | -65.157   | OCEAN_BUOY
41062     | 35.778   | -75.095   | OCEAN_BUOY
41063     | 34.782   | -75.941   | OCEAN_BUOY
41064     | 34.207   | -76.949   | OCEAN_BUOY
42001     | 25.919   | -89.674   | OCEAN_BUOY
42002     | 26.055   | -93.646   | OCEAN_BUOY
42003     | 25.925   | -85.616   | OCEAN_BUOY
42012     | 30.06    | -87.548   | OCEAN_BUOY
42013     | 27.173   | -82.924   | OCEAN_BUOY
42019     | 27.91    | -95.345   | OCEAN_BUOY
42022     | 27.505   | -83.741   | OCEAN_BUOY
42035     | 29.232   | -94.413   | OCEAN_BUOY
42036     | 28.501   | -84.508   | OCEAN_BUOY
42039     | 28.787   | -86.007   | OCEAN_BUOY
42040     | 29.207   | -88.237   | OCEAN_BUOY
42043     | 28.982   | -94.899   | OCEAN_BUOY
42044     | 26.191   | -97.051   | OCEAN_BUOY
42045     | 26.217   | -96.5     | OCEAN_BUOY
42046     | 27.89    | -94.037   | OCEAN_BUOY
42047     | 27.897   | -93.597   | OCEAN_BUOY
42055     | 22.124   | -93.941   | OCEAN_BUOY
42056     | 19.82    | -84.945   | OCEAN_BUOY
42057     | 16.908   | -81.422   | OCEAN_BUOY
42058     | 14.394   | -74.816   | OCEAN_BUOY
42059     | 15.3     | -67.483   | OCEAN_BUOY
42060     | 16.434   | -63.329   | OCEAN_BUOY
42067     | 30.05    | -88.583   | OCEAN_BUOY
42085     | 17.87    | -66.537   | COAST_BUOY
42087     | 11.185   | -60.848   | COAST_BUOY
42088     | 11.301   | -60.521   | COAST_BUOY
42089     | 19.699   | -80.061   | COAST_BUOY
42090     | 18.432   | -69.58    | COAST_BUOY
44005     | 43.201   | -69.127   | OCEAN_BUOY
44007     | 43.525   | -70.140   | OCEAN_BUOY
44008     | 40.496   | -69.25    | OCEAN_BUOY
44009     | 38.46    | -74.692   | OCEAN_BUOY
44011     | 41.093   | -66.562   | OCEAN_BUOY
44013     | 42.346   | -70.651   | OCEAN_BUOY
44014     | 36.609   | -74.842   | OCEAN_BUOY
44017     | 40.693   | -72.049   | OCEAN_BUOY
44018     | 42.203   | -70.154   | OCEAN_BUOY
44020     | 41.493   | -70.279   | OCEAN_BUOY
44022     | 40.883   | -73.728   | COAST_BUOY
44024     | 42.325   | -65.909   | OCEAN_BUOY
44025     | 40.251   | -73.164   | OCEAN_BUOY
44027     | 44.283   | -67.3     | OCEAN_BUOY
44029     | 42.523   | -70.566   | OCEAN_BUOY
44030     | 43.179   | -70.426   | OCEAN_BUOY
44032     | 43.715   | -69.355   | OCEAN_BUOY
44033     | 44.055   | -68.996   | COAST_BUOY
44034     | 44.103   | -68.112   | OCEAN_BUOY
44037     | 43.497   | -67.876   | OCEAN_BUOY
44039     | 41.138   | -72.655   | OCEAN_BUOY
44040     | 40.956   | -73.58    | OCEAN_BUOY
44041     | 37.211   | -76.787   | COAST_BUOY
44042     | 38.033   | -76.335   | COAST_BUOY
44043     | 39.152   | -76.391   | COAST_BUOY
44057     | 39.54    | -76.074   | COAST_BUOY
44058     | 37.567   | -76.257   | COAST_BUOY
44059     | 36.846   | -76.298   | COAST_BUOY
44060     | 41.263   | -72.067   | COAST_BUOY
44062     | 38.556   | -76.415   | OCEAN_BUOY
44063     | 38.963   | -76.448   | COAST_BUOY
44064     | 36.998   | -76.087   | OCEAN_BUOY
44065     | 40.369   | -73.703   | OCEAN_BUOY
44066     | 39.618   | -72.644   | OCEAN_BUOY
44069     | 40.698   | -73.087   | COAST_BUOY
44072     | 37.201   | -76.266   | OCEAN_BUOY
45001     | 48.061   | -87.793   | LAKE_BUOY
45002     | 45.344   | -86.411   | LAKE_BUOY
45003     | 45.351   | -82.84    | LAKE_BUOY
45004     | 47.585   | -86.585   | LAKE_BUOY
45005     | 41.677   | -82.398   | LAKE_BUOY
45006     | 47.335   | -89.793   | LAKE_BUOY
45007     | 42.674   | -87.026   | LAKE_BUOY
45008     | 44.283   | -82.416   | LAKE_BUOY
45012     | 43.621   | -77.401   | LAKE_BUOY
45013     | 43.1     | -87.85    | LAKE_BUOY
45014     | 44.795   | -87.759   | LAKE_BUOY
45020     | 44.789   | -85.604   | LAKE_BUOY
45022     | 45.405   | -85.087   | LAKE_BUOY
45023     | 47.27    | -88.607   | LAKE_BUOY
45024     | 43.981   | -86.556   | LAKE_BUOY
45025     | 46.969   | -88.398   | LAKE_BUOY
45026     | 41.982   | -86.619   | LAKE_BUOY
45027     | 46.86    | -91.93    | LAKE_BUOY
45028     | 46.814   | -91.829   | LAKE_BUOY
45029     | 42.9     | -86.272   | LAKE_BUOY
45161     | 43.182   | -86.36    | LAKE_BUOY
45162     | 44.988   | -83.27    | LAKE_BUOY
45163     | 43.985   | -83.596   | LAKE_BUOY
45164     | 41.748   | -81.698   | LAKE_BUOY
45165     | 41.702   | -83.261   | LAKE_BUOY
45166     | 44.785   | -73.258   | LAKE_BUOY
45167     | 42.185   | -80.135   | LAKE_BUOY
45168     | 42.397   | -86.331   | LAKE_BUOY
45169     | 41.615   | -81.821   | LAKE_BUOY
45170     | 41.755   | -86.968   | LAKE_BUOY
45171     | 46.724   | -87.411   | LAKE_BUOY
45172     | 46.74    | -85.98    | LAKE_BUOY
45173     | 46.573   | -86.572   | LAKE_BUOY
45174     | 42.135   | -87.655   | LAKE_BUOY
45175     | 45.825   | -84.772   | LAKE_BUOY
45176     | 41.55    | -81.765   | LAKE_BUOY
45178     | 44.603   | -73.394   | LAKE_BUOY
45179     | 47.195   | -87.224   | LAKE_BUOY
45183     | 44.982   | -85.831   | LAKE_BUOY
45186     | 42.368   | -87.795   | LAKE_BUOY
45187     | 42.491   | -87.779   | LAKE_BUOY
45T01     | 48.008   | -87.666   | LAKE_BUOY
46001     | 56.3     | -148.018  | OCEAN_BUOY
46002     | 42.662   | -130.507  | OCEAN_BUOY
46005     | 46.134   | -131.079  | OCEAN_BUOY
46006     | 40.764   | -137.377  | OCEAN_BUOY
46011     | 34.936   | -120.998  | OCEAN_BUOY
46012     | 37.356   | -122.881  | OCEAN_BUOY
46013     | 38.235   | -123.317  | OCEAN_BUOY
46014     | 39.231   | -123.974  | OCEAN_BUOY
46015     | 42.752   | -124.844  | OCEAN_BUOY
46022     | 40.748   | -124.527  | OCEAN_BUOY
46025     | 33.755   | -119.045  | OCEAN_BUOY
46026     | 37.754   | -122.839  | OCEAN_BUOY
46027     | 41.84    | -124.382  | OCEAN_BUOY
46028     | 35.77    | -121.903  | OCEAN_BUOY
46029     | 46.163   | -124.487  | OCEAN_BUOY
46035     | 57.016   | -177.703  | OCEAN_BUOY
46041     | 47.352   | -124.739  | OCEAN_BUOY
46042     | 36.785   | -122.396  | OCEAN_BUOY
46047     | 32.388   | -119.525  | OCEAN_BUOY
46050     | 44.669   | -124.546  | OCEAN_BUOY
46053     | 34.241   | -119.839  | OCEAN_BUOY
46054     | 34.274   | -120.468  | OCEAN_BUOY
46059     | 38.053   | -129.967  | OCEAN_BUOY
46060     | 60.586   | -146.787  | OCEAN_BUOY
46061     | 60.238   | -146.833  | OCEAN_BUOY
46066     | 52.765   | -155.009  | OCEAN_BUOY
46069     | 33.677   | -120.213  | OCEAN_BUOY
46070     | 55.008   |  175.183  | OCEAN_BUOY
46071     | 51.022   |  179.784  | OCEAN_BUOY
46072     | 51.666   | -172.114  | OCEAN_BUOY
46073     | 55.008   | -172.012  | OCEAN_BUOY
46075     | 53.969   | -160.794  | OCEAN_BUOY
46076     | 59.471   | -148.009  | OCEAN_BUOY
46077     | 57.869   | -154.211  | OCEAN_BUOY
46078     | 55.557   | -152.641  | OCEAN_BUOY
46080     | 57.947   | -150.042  | OCEAN_BUOY
46081     | 60.802   | -148.283  | COAST_BUOY
46082     | 59.67    | -143.353  | OCEAN_BUOY
46083     | 58.27    | -138.019  | OCEAN_BUOY
46084     | 56.622   | -136.102  | OCEAN_BUOY
46085     | 55.878   | -142.876  | OCEAN_BUOY
46086     | 32.499   | -118.052  | OCEAN_BUOY
46087     | 48.493   | -124.727  | OCEAN_BUOY
46088     | 48.332   | -123.179  | OCEAN_BUOY
46089     | 45.936   | -125.793  | OCEAN_BUOY
46094     | 44.642   | -124.3    | OCEAN_BUOY
46096     | 46.173   | -124.127  | OCEAN_BUOY
46097     | 44.639   | -124.304  | OCEAN_BUOY
46098     | 44.378   | -124.947  | OCEAN_BUOY
46099     | 46.988   | -124.567  | OCEAN_BUOY
46100     | 46.851   | -124.964  | OCEAN_BUOY
46118     | 48.724   | -122.576  | COAST_BUOY
46119     | 47.967   | -124.95   | OCEAN_BUOY
46125     | 47.907   | -122.627  | COAST_BUOY
46127     | 46.215   | -124.063  | COAST_BUOY
51000     | 23.528   | -153.792  | COAST_BUOY
51000     | 23.528   | -153.792  | COAST_BUOY